395.291 -289.322 22.5525
394.608 -111.474 22.4377
393.909 -185.265 22.6891
392.324 -114.172 24.5669
392.071 -178.341 22.874
390.673 -261.84 22.5187
385.625 -174.331 23.0081
385.625 -102.257 25.5871
384.411 -189.971 22.7986
382.205 -99.6665 22.9024
382.205 -99.6665 22.8995
381.838 -291.976 22.4143
381.811 -76.4362 23.4296
381.811 -76.4362 23.1879
378.05 -98.9597 25.553
372.57 -122.396 22.6381
372.492 -259.26 22.4186
372.145 -92.3817 22.9099
370.852 -80.7437 25.7235
370.035 -119.844 22.5912
367.855 -91.6109 24.5295
364.458 -186.057 22.9755
364.009 -83.2709 23.1609
360.494 91.1698 25.5501
360.494 91.1698 23.3741
360.408 -87.8293 24.1827
360.111 -194.5 22.616
358.947 -77.0639 23.6722
358.88 -176.825 22.8502
356.071 -246.933 22.7716
351.853 -84.451 23.2315
350.451 -73.8683 22.8872
346.576 -73.5268 23.2039
346.493 94.1564 23.2172
346.424 -76.6169 22.926
345.348 -107.76 29.9235
345.204 -186.106 23.2288
343.747 -247.327 23.922
343.747 -247.327 22.6367
343.599 -176.72 29.465
343.275 -75.3611 22.9363
343.007 -189.09 22.6606
342.537 45.6325 24.3536
340.139 -126.179 27.6035
340.139 -126.179 22.9351
339.57 -101.141 22.9637
336.005 -193.5 23.9387
335.434 -208.306 24.1149
334.764 -101.32 27.151
334.764 -101.32 22.5029
331.763 -53.4247 23.8025
330.974 -187.529 23.1144
330.922 -95.7025 22.6185
329.685 -88.4234 23.7609
327.924 -190.027 31.0461
325.5 -68.9393 26.7497
325.028 -181.242 23.3562
324.882 -135.206 24.1042
324.826 -169.658 23.3129
324.826 -169.658 22.7437
322.538 -83.8886 23.4886
321.222 -187.467 23.3016
320.972 -246.612 22.6737
320.505 -67.3093 23.295
318.147 -98.4918 22.8726
317.24 -71.1454 23.6744
317.24 -71.1454 23.3161
316.425 -148.117 28.79
315.921 -112.92 22.4335
314.647 -77.5355 22.9144
313.835 -4.44839 23.1494
313.657 11.1657 39.0962
313.355 -146.815 32.3327
312.112 -35.9873 23.8861
309.996 -91.8806 23.2336
306.768 -151.859 24.4917
304.088 -130.54 24.3463
303.105 -104.462 22.8593
303.105 -104.462 22.8243
303.039 -261.45 22.7151
302.832 -21.6726 22.7135
301.2 -70.7189 28.8251
297.107 -16.6387 24.9755
295.333 -129.516 22.5257
294.033 -16.9571 22.7365
291.148 -111.849 22.4315
290.894 44.5973 27.414
286.75 -103.908 22.9545
286.75 -103.908 22.7692
285.4 -215.546 23.7802
285.181 -65.5061 23.5665
285.123 -0.675201 23.1332
285.123 -0.675201 -14.757
283.958 -65.0459 22.8307
280.666 10.661 22.5448
278.603 -58.4998 28.4888
278.404 15.0201 22.6563
276.991 -21.2444 24.1935
276.646 -1.17087 23.8878
276.646 -1.17087 23.2384
276.37 -180.584 23.5469
275.556 -35.9161 22.9031
275.051 -92.4716 23.5036
275.051 -92.4716 23.3254
274.021 -179.401 14.2837
272.64 58.5068 23.8304
272.509 67.268 23.5255
272.349 -112.126 24.6431
271.995 20.9565 22.7175
271.612 20.7139 23.3049
270.492 -34.8417 23.9708
270.292 56.0713 23.9976
269.34 -86.5166 22.6891
269.34 -86.5166 22.5658
269.211 -40.3436 33.6103
266.508 -30.331 23.5393
266.07 -20.7948 22.8188
263.618 20.9686 22.7041
263.152 -110.247 15.32
262.869 -196.19 24.1696
262.869 -196.19 24.1696
262.869 -196.19 22.7849
262.214 -205.336 22.4524
257.455 -109.215 16.1617
256.692 -6.59634 22.4766
255.752 -10.949 23.6024
255.404 -120.394 16.1134
254.829 21.3335 23.721
254.387 29.1687 23.4868
253.063 26.1098 22.7027
251.831 -108.12 13.6668
251.769 -65.1147 23.1019
251.02 30.4965 22.7955
250.365 -173.186 89.8139
248.055 32.8679 23.1276
247.966 -166.377 22.8875
247.966 -166.377 6.9106
247.387 -58.2157 17.348
246.391 -1.26416 24.1517
245.614 116.07 22.7778
245.335 112.512 23.3911
243.089 -163.118 23.1088
242.699 37.8614 24.06
242.107 -14.9137 22.4933
241.357 -18.2424 24.5196
240.083 -67.6138 18.542
239.335 -64.4373 12.0958
239.313 10.5693 22.5956
238.323 -11.7672 35.2793
237.993 -8.11841 -5573.57
236.221 -2.82617 37.2279
236.221 -2.82617 37.2279
236.203 -169.424 34.7542
236.175 5.7547 16.7728
235.049 -255.25 22.6106
235.049 -255.25 22.6063
234.207 -178.045 23.9262
232.566 -257.398 23.7517
232.566 -257.398 23.6361
232.566 -257.398 22.889
231.077 -251.815 22.9138
230.104 58.5113 28.7474
229.403 -263.241 142.353
229.244 -263.256 22.81
229.141 -13.3685 23.21
228.03 56.3824 26.2643
227.641 -119.466 22.6117
227.403 9.61093 23.2144
227.231 -92.3264 23.2899
226.384 -15.2591 22.8685
224.523 22.912 24.1202
224.104 -91.8454 15.2963
222.951 242.471 23.8462
222.296 -10.5272 18.11
221.49 -167.457 24.8069
220.346 229.648 22.5867
220.299 -196.095 -386.555
220.022 -1.45609 23.2577
219.635 -16.2823 22.5012
218.848 -118.48 25.8394
218.177 -21.2116 23.9367
216.865 -164.929 25.2966
210.541 -180.624 23.9765
207.828 -32.3856 -1.66516
204.931 91.5095 25.3329
204.564 -258.377 23.9796
203.558 -38.8004 25.939
201.992 58.015 13.8164
201.474 51.9835 17.8829
200.667 -257.461 22.9589
198.762 -95.945 23.1094
197.664 -85.2444 36.7448
195.077 46.4058 24.0462
194.621 9.45316 24.2265
193.905 66.9236 22.818
192.109 72.1539 25.8002
191.873 27.33 19.9796
191.574 202.643 -6.56278
191.033 6.9444 24.4325
190.086 153.797 22.6427
189.57 -63.6755 19.7845
189.317 -23.411 11.9188
189.162 75.4431 23.6909
189.157 106.157 23.1598
189.102 199.984 22.5408
188.081 151.796 24.0019
186.926 104.144 22.8496
186.878 28.9881 22.9405
186.562 -118.922 23.0204
186.158 -65.3013 24.3829
185.303 74.8249 23.332
184.903 -232.219 23.7383
181.732 -284.884 16.1949
180.9 3.99667 23.2585
180.092 85.2011 17.3664
178.679 -295.313 16.4919
177.663 89.4698 24.4513
172.895 -97.9426 22.982
171.976 -230.236 24.4696
169.71 -84.0586 -5.56737
169.395 -159.072 22.6608
169.08 -95.3544 22.8272
168.482 -163.671 19.3277
168.417 -92.1717 26.5455
168.022 151.119 23.4921
165.839 106.5 29.1762
165.435 -82.1946 31.1533
165.435 -82.1946 25.7593
164.885 92.0557 12.2141
163.862 -71.5883 83.5861
163.69 31.6351 19.2731
162.261 -66.2545 -54.7809
154.256 -227.947 23.6789
150.997 113.165 18.7067
149.467 77.1678 25.1522
149.109 -147.079 17.9071
148.641 203.094 26.0932
148.445 95.4695 18.466
148.444 106.444 24.7227
148.163 148.789 28.8524
147.212 71.3392 22.9564
146.982 -94.7757 33.779
146.932 -204.325 19.4355
146.77 110.06 19.7455
146.702 200.112 26.8356
145.62 152.356 27.0866
144.705 -71.6784 24.2008
142.627 128.242 26.422
142.584 128.319 19.9912
142.313 -296.414 18.8682
141.324 95.5345 18.0794
140.862 -26.2787 22.8491
140.168 92.0117 23.5696
139.398 127.541 28.6095
138.298 -28.6648 23.5592
137.646 44.0604 25.3204
136.187 133.468 24.2221
135.777 -22.1572 23.5024
135.029 9.28036 25.1855
134.798 -1.36728 23.3523
134.621 14.4197 19.423
133.11 -15.6453 23.3366
130.78 137.635 23.4293
129.344 30.6419 22.8083
128.22 91.6143 19.5643
127.407 -226.448 19.6439
127.403 28.2832 35.4639
127.403 28.2832 23.1934
127.056 43.0382 20.3712
126.636 -154.444 28.167
126.636 -154.444 23.8044
123.731 81.9621 16.9404
122.583 86.3223 24.477
119.842 77.1951 22.6416
119.645 52.4707 19.9936
119.633 -269.6 74.9415
117.332 -151.051 20.4569
116.745 -219.895 20.2749
115.29 121.911 23.2625
114.872 -152.104 22.6256
113.936 49.8606 24.7668
113.936 49.8606 24.7668
113.905 -100.014 23.7242
113.622 99.738 20.4845
113.603 -152.986 19.7334
111.597 -160.233 18.944
111.302 62.399 24.2415
111.014 -220.11 26.6222
110.988 57.1331 23.5301
110.046 136.298 20.3609
108.299 -163.674 25.6314
106.264 -167.559 20.1588
105.867 -167.477 22.7964
105.583 73.8614 27.6245
104.186 115.494 23.0383
104.039 -16.1691 23.8246
104.031 202.137 24.9419
103.852 -260.361 23.2836
103.319 154.226 29.7286
103.024 -127.01 19.72
102.591 133.413 20.5898
101.082 -27.5866 23.7344
100.369 -204.884 27.0098
100.369 -204.884 26.3727
99.1484 -264.142 30.657
99.1484 -264.142 23.3482
94.9928 -141.311 20.6108
94.5594 61.0047 23.7462
94.0428 110.554 27.2258
93.8689 245.731 27.4023
93.8063 113.818 23.693
93.5542 26.5627 23.0836
92.4032 -233.421 -7.34219
91.4274 237.04 7.59476
91.2099 243.542 18.3985
91.1472 247.861 19.3788
90.8629 -87.8791 20.4451
90.0958 -136.061 30.1045
90.0299 -149.081 22.6067
90.0299 -149.081 20.7487
89.1893 129.168 22.6442
88.4029 -227.508 11.384
87.5012 131.642 19.053
87.3104 45.2608 43.8268
87.3104 45.2608 36.3218
84.3206 -8.41571 140.16
80.4167 128.441 20.9139
78.3533 -260.167 22.7845
78.3004 31.4118 19.284
77.0238 -36.7399 20.792
73.381 -250.364 22.7673
73.3351 -53.3596 19.4988
73.2464 42.2271 24.3179
73.0179 -59.2322 20.8796
72.4235 120.087 20.5982
70.563 -229.362 25.9574
69.9232 -82.81 18.0402
68.4556 34.1323 18.0279
68.1387 -220.812 24.0244
66.9015 38.3726 20.6713
65.5112 -246.977 14.2263
64.0618 32.7713 19.4132
63.6141 -201.75 20.204
62.183 -58.3775 20.3924
62.0742 106.472 23.7791
60.9193 -199.378 20.86
60.4371 47.1431 20.5696
59.3836 102.433 8.033
58.5158 109.611 10.6908
57.5976 105.266 19.795
51.985 79.3165 27.4848
50.6633 116.997 20.6837
50.3566 69.6256 20.3073
49.1026 75.4952 19.8543
47.9745 59.8168 24.4824
45.938 80.0991 19.9601
44.3537 82.3955 20.1893
43.4646 117.47 24.1237
42.8456 46.5973 -5.0076
42.2801 114.711 20.6861
41.3684 73.9092 27.285
36.7679 47.653 19.2866
31.1613 46.6809 20.6296
16.699 103.493 16.3253
14.0407 -3.62421 21.1407
9.72626 76.8655 21.0444
9.72549 58.4419 20.8025
8.89575 -113.832 20.4987
8.14246 -129.411 20.948
5.34933 -140.908 20.4106
4.61047 -94.531 -1.0983
4.33932 16.4597 20.2858
3.00668 -77.8657 20.4353
1.06613 -193.678 19.4015
-1.02563 -62.0429 21.0559
-1.66809 -35.7408 20.0898
-2.67078 -187.72 20.9159
-12.1319 58.0795 20.9162
-12.4991 63.8311 20.9001
-12.4991 63.8311 20.3564
-14.6019 33.6167 18.2831
-17.6932 40.9459 21.108
-18.7414 -38.4555 20.2998
-21.4186 32.4734 23.4751
-21.6465 -30.3281 20.9197
-21.6465 -30.3281 19.289
-27.7263 33.1559 19.7108
-27.7263 33.1559 18.8585
-29.3487 3.83414 25.9637
-30.3091 59.3627 23.0047
-35.9326 57.4045 20.8553
-42.9723 56.5425 21.1414
-54.4753 78.009 19.4805
-57.6453 34.4943 19.6943
-60.3076 55.1574 20.9403
-66.8256 77.4225 21.0164
-66.9969 77.435 19.594
-66.9969 77.435 19.594
-67.0955 80.6361 21.3266
-70.6653 51.788 21.1798
-80.6083 58.6487 21.0801
-80.6083 58.6487 19.7676
-85.1324 54.1453 21.3123
-95.8739 75.763 23.6886
-95.8739 75.763 20.7682
-97.298 50.9348 21.3852
-106.043 49.8129 20.1417
-111.16 49.8451 21.3346
-122.543 73.6071 21.3945
-128.35 74.9594 21.4149
-128.35 74.9594 21.1317
-128.35 74.9594 21.0324
-129.06 51.6302 21.4003
-149.935 78.2079 21.0849
-149.935 78.2079 20.9315
-152.472 45.8119 20.8828
-152.472 45.8119 20.8506
-153.331 66.4615 21.2204
-153.331 66.4615 20.4535
-153.444 39.3459 21.4079
-153.615 62.5409 18.7282
-155.621 33.045 20.4387
-158.187 33.6329 20.5274
-159.024 20.9395 19.8102
-167.877 115.587 19.5408
-172.496 115.16 30.2422
-194.318 119.024 20.5129
-207.029 -65.866 21.4061
-214.563 -60.962 21.349
-224.677 98.3553 21.1219
-237.853 73.5454 21.383
-247.002 -50.1775 21.4735
-263.859 3.24561 21.2405
-267.634 -35.3033 21.272
-267.816 -35.6671 21.4861
-270.644 -34.439 21.4974
-274.136 -174.897 19.9186
